0.1951 0.1349
0.2128 0.1145
0.2256 0.097
0.2368 0.0785
0.2466 0.0591
0.2547 0.0391
0.2598 0.0236
0.2671 -0.008
0.2698 -0.0295
0.2708 -0.0566
0.2834 -0.0707
0.2944 -0.086
0.3021 -0.099
0.3102 -0.1161
0.3166 -0.1339
0.3212 -0.1522
0.3242 -0.1747
0.3247 -0.1936
0.3215 -0.2236
0.316 -0.2456
0.3063 -0.2702
0.2973 -0.2868
0.2844 -0.3054
0.2694 -0.3224
0.2851 -0.3058
0.2997 -0.2882
0.3217 -0.2571
0.3334 -0.2375
0.347 -0.2102
0.3585 -0.182
0.3696 -0.1456
0.3745 -0.1232
0.378 -0.1007
0.3806 -0.0703
0.381 -0.0513
0.3798 -0.0324
0.3774 -0.0175
0.3717 0.0044
0.3665 0.0186
0.3565 0.039
0.3486 0.0518
0.3372 0.0669
0.3189 0.086
0.3073 0.0957
0.2918 0.1065
0.2684 0.1188
0.2543 0.1244
0.2362 0.1297
0.2177 0.1332
0.1951 0.1349
