0.193193 0.201201
0.207207 0.211211
0.215215 0.219219
0.223223 0.229229
0.235235 0.237237
0.239239 0.241241
0.243243 0.245245
0.247247 0.249249
0.255255 0.257257
0.259259 0.261261
0.263263 0.265265
0.267267 0.269269
0.271271 0.271271
0.271271 0.271271
0.271271 0.271271
0.271271 0.271271
0.271271 0.271271
0.271271 0.271271
0.271271 0.271271
0.271271 0.271271
0.269269 0.269269
0.269269 0.267267
0.265265 0.263263
0.261261 0.259259
0.257257 0.255255
0.253253 0.249249
0.247247 0.245245
0.243243 0.241241
0.239239 0.237237
0.233233 0.231231
0.227227 0.223223
0.219219 0.213213
0.211211 0.209209
0.207207 0.201201
0.199199 0.197197
0.195195 0.193193
0.191191 0.189189
0.187187 0.185185
0.183183 0.181181
0.173173 0.171171
0.169169 0.161161
0.155155 0.149149
0.143143 0.139139
0.133133 0.129129
0.125125 0.121121
0.117117 0.113113
0.109109 0.099099
0.089089 0.083083
0.075075 0.069069
0.061061 0.051051
0.039039 0.037037
0.023023 -0.023023
-0.037037 -0.039039
-0.051051 -0.061061
-0.069069 -0.075075
-0.083083 -0.089089
-0.099099 -0.109109
-0.113113 -0.117117
-0.121121 -0.125125
-0.129129 -0.133133
-0.139139 -0.143143
-0.149149 -0.155155
-0.161161 -0.169169
-0.171171 -0.173173
-0.181181 -0.183183
-0.185185 -0.187187
-0.189189 -0.191191
-0.193193 -0.195195
-0.197197 -0.199199
-0.201201 -0.207207
-0.209209 -0.211211
-0.213213 -0.219219
-0.223223 -0.227227
-0.231231 -0.233233
-0.237237 -0.239239
-0.241241 -0.243243
-0.245245 -0.247247
-0.249249 -0.253253
-0.255255 -0.257257
-0.259259 -0.261261
-0.263263 -0.265265
-0.267267 -0.269269
-0.269269 -0.269269
-0.271271 -0.271271
-0.271271 -0.271271
-0.269269 -0.267267
-0.265265 -0.257257
-0.253253 -0.247247
-0.245245 -0.243243
-0.241241 -0.239239
-0.231231 -0.225225
-0.219219 -0.215215
-0.205205 -0.199199
-0.189189 -0.175175
-0.173173 -0.171171
-0.169169 -0.161161
-0.155155 -0.149149
-0.147147 -0.145145
-0.143143 -0.141141
-0.139139 -0.137137
-0.135135 -0.133133
-0.125125 -0.123123
-0.115115 -0.109109
-0.103103 -0.099099
-0.095095 -0.083083
-0.079079 -0.069069
-0.063063 -0.057057
-0.049049 -0.041041
-0.029029 -0.015015
0.015015 0.029029
0.041041 0.049049
0.057057 0.063063
0.069069 0.079079
0.083083 0.095095
0.099099 0.103103
0.109109 0.115115
0.123123 0.125125
0.133133 0.135135
0.137137 0.139139
0.141141 0.143143
0.145145 0.147147
0.149149 0.155155
0.161161 0.169169
0.173173 0.175175
0.177177 0.179179
0.181181 0.185185
0.189189 0.191191
0.193193 0.195195
0.197197 0.199199
0.199199 0.199199
0.199199 0.199199
0.199199 0.199199
0.199199 0.199199
0.199199 0.199199
0.199199 0.199199
0.199199 0.197197
0.195195 0.193193
0.191191 0.189189
0.185185 0.181181
0.179179 0.177177
0.175175 0.173173
0.181181 0.193193
-0.069069 -0.071071
-0.073073 -0.075075
-0.077077 -0.079079
-0.081081 -0.085085
-0.089089 -0.091091
-0.093093 -0.095095
-0.097097 -0.099099
-0.101101 -0.103103
-0.111111 -0.115115
-0.119119 -0.123123
-0.127127 -0.131131
-0.137137 -0.145145
-0.155155 -0.157157
-0.159159 -0.161161
-0.163163 -0.165165
-0.167167 -0.169169
-0.171171 -0.173173
-0.175175 -0.177177
-0.179179 -0.181181
-0.183183 -0.185185
-0.199199 -0.201201
-0.203203 -0.215215
-0.225225 -0.233233
-0.241241 -0.247247
-0.253253 -0.259259
-0.265265 -0.275275
-0.279279 -0.283283
-0.287287 -0.291291
-0.295295 -0.299299
-0.305305 -0.309309
-0.315315 -0.321321
-0.327327 -0.335335
-0.337337 -0.339339
-0.341341 -0.349349
-0.351351 -0.353353
-0.355355 -0.357357
-0.359359 -0.361361
-0.363363 -0.365365
-0.367367 -0.369369
-0.375375 -0.377377
-0.379379 -0.385385
-0.389389 -0.393393
-0.397397 -0.399399
-0.403403 -0.405405
-0.407407 -0.409409
-0.411411 -0.413413
-0.415415 -0.419419
-0.423423 -0.425425
-0.427427 -0.429429
-0.431431 -0.433433
-0.435435 -0.435435
-0.437437 -0.437437
-0.435435 -0.435435
-0.433433 -0.431431
-0.429429 -0.427427
-0.425425 -0.423423
-0.419419 -0.415415
-0.413413 -0.411411
-0.409409 -0.407407
-0.405405 -0.403403
-0.399399 -0.397397
-0.393393 -0.389389
-0.385385 -0.379379
-0.377377 -0.375375
-0.369369 -0.367367
-0.365365 -0.363363
-0.361361 -0.359359
-0.357357 -0.355355
-0.353353 -0.351351
-0.349349 -0.341341
-0.339339 -0.337337
-0.335335 -0.327327
-0.321321 -0.315315
-0.309309 -0.305305
-0.299299 -0.295295
-0.291291 -0.287287
-0.283283 -0.279279
-0.275275 -0.265265
-0.259259 -0.253253
-0.247247 -0.241241
-0.233233 -0.225225
-0.215215 -0.203203
-0.201201 -0.199199
-0.185185 -0.183183
-0.181181 -0.179179
-0.191191 -0.197197
-0.203203 -0.219219
-0.225225 -0.233233
-0.235235 -0.237237
-0.239239 -0.241241
-0.247247 -0.251251
-0.255255 -0.257257
-0.261261 -0.263263
-0.265265 -0.267267
-0.267267 -0.269269
-0.271271 -0.283283
-0.291291 -0.299299
-0.301301 -0.303303
-0.305305 -0.307307
-0.309309 -0.311311
-0.313313 -0.315315
-0.321321 -0.323323
-0.329329 -0.333333
-0.337337 -0.339339
-0.341341 -0.347347
-0.349349 -0.353353
-0.355355 -0.357357
-0.359359 -0.361361
-0.363363 -0.365365
-0.365365 -0.363363
-0.361361 -0.359359
-0.357357 -0.355355
-0.353353 -0.349349
-0.347347 -0.341341
-0.339339 -0.337337
-0.333333 -0.329329
-0.323323 -0.321321
-0.315315 -0.313313
-0.311311 -0.309309
-0.307307 -0.305305
-0.303303 -0.301301
-0.299299 -0.291291
-0.283283 -0.271271
-0.265265 -0.261261
-0.257257 -0.253253
-0.249249 -0.239239
-0.229229 -0.223223
-0.215215 -0.205205
-0.193193 -0.179179
-0.177177 -0.175175
-0.173173 -0.171171
-0.169169 -0.167167
-0.165165 -0.163163
-0.161161 -0.159159
-0.157157 -0.155155
-0.153153 -0.139139
-0.127127 -0.117117
-0.111111 -0.103103
-0.093093 -0.083083
-0.079079 -0.075075
-0.071071 -0.067067
-0.067067 -0.069069
